season,week,week_label,schedule_date,side,team,opponent,decimal_odds,ml,market_prob_nv,model_prob,edge,ev,game_id,stake,profit,team_score,opponent_score,status,status_short,result,bankroll_after,bankroll_week_final,week_is_final,week_order
2025,3,Week 3,2025-09-21 17:00:00+00:00,home,MIN,CIN,1.657969,-152.0,0.5911528150134048,0.6692852437914241,0.078132,0.109654,Week 3 | CIN_MIN,27.12,17.84,48.0,10.0,FINAL,Final,WIN,1017.84,1136.81,True,3
2025,3,Week 3,2025-09-21 17:00:00+00:00,home,JAX,HOU,1.82932,-121.0,0.5193382517326179,0.6608420569478544,0.141504,0.208892,Week 3 | HOU_JAX,50.0,41.47,17.0,10.0,FINAL,Final,WIN,1059.31,1136.81,True,3
2025,3,Week 3,2025-09-21 17:00:00+00:00,home,WAS,LV,1.560898,-178.0,0.6151636990235496,0.6939400539605561,0.078776,0.08317,Week 3 | LV_WAS,24.33,13.65,41.0,24.0,FINAL,Final,WIN,1072.96,1136.81,True,3
2025,3,Week 3,2025-09-21 20:05:00+00:00,home,LAC,DEN,1.677383,-148.0,0.5729537366548041,0.6767906781375495,0.103837,0.135237,Week 3 | DEN_LAC,43.18,29.25,23.0,20.0,FINAL,Final,WIN,1102.21,1136.81,True,3
2025,3,Week 3,2025-09-21 20:26:00+00:00,home,SF,ARI,1.793868,-126.0,0.5397489539748953,0.6160544262073984,0.076305,0.10512,Week 3 | ARI_SF,21.05,16.71,16.0,15.0,FINAL,Final,WIN,1118.92,1136.81,True,3
2025,3,Week 3,2025-09-22 00:21:00+00:00,away,KC,NYG,1.357727,-280.0,0.7071095475742453,0.8111048763624322,0.103995,0.101259,Week 3 | KC_NYG,50.0,17.89,22.0,9.0,FINAL,Final,WIN,1136.81,1136.81,True,3
2025,4,Week 4,2025-09-26 00:16:00+00:00,away,SEA,ARI,1.793868,-126.0,0.5338983050847457,0.6116964893017653,0.077798,0.097303,Week 4 | ARI_SEA,19.86,15.77,23.0,20.0,FINAL,Final,WIN,1152.58,1049.13,True,4
2025,4,Week 4,2025-09-28 13:31:00+00:00,away,MIN,PIT,1.677383,-148.0,0.5664739884393064,0.6638990289766864,0.097425,0.113613,Week 4 | MIN_PIT,34.04,-34.04,21.0,24.0,FINAL,Final,LOSS,1118.54,1049.13,True,4
2025,4,Week 4,2025-09-28 17:01:00+00:00,away,WAS,ATL,1.836784,-120.0,0.5220013401831584,0.615246664434579,0.093245,0.130075,Week 4 | ATL_WAS,30.19,-30.19,27.0,34.0,FINAL,Final,LOSS,1088.35,1049.13,True,4
2025,4,Week 4,2025-09-28 17:01:00+00:00,home,NE,CAR,1.413351,-242.0,0.6786155747836835,0.7484417554964334,0.069826,0.057811,Week 4 | CAR_NE,23.84,9.85,42.0,13.0,FINAL,Final,WIN,1098.2,1049.13,True,4
2025,4,Week 4,2025-09-28 17:01:00+00:00,away,PHI,TB,1.49346,-203.0,0.6345305608065532,0.7215078588795394,0.086977,0.077543,Week 4 | PHI_TB,28.47,14.05,31.0,25.0,FINAL,Final,WIN,1112.25,1049.13,True,4
2025,4,Week 4,2025-09-28 20:06:00+00:00,home,LA,IND,1.537601,-186.0,0.6232876712328768,0.6859332771565718,0.062646,0.054692,Week 4 | IND_LA,17.34,9.32,27.0,20.0,FINAL,Final,WIN,1121.57,1049.13,True,4
2025,4,Week 4,2025-09-28 20:25:00+00:00,away,BAL,KC,1.653283,-153.0,0.5764909248055315,0.6771283478293227,0.100637,0.119485,Week 4 | BAL_KC,38.34,-38.34,20.0,37.0,FINAL,Final,LOSS,1083.23,1049.13,True,4
2025,4,Week 4,2025-09-28 20:26:00+00:00,home,LV,CHI,1.867995,-115.0,0.5056053811659192,0.6089476233667208,0.103342,0.137511,Week 4 | CHI_LV,34.1,-34.1,24.0,25.0,FINAL,Final,LOSS,1049.13,1049.13,True,4
2025,5,Week 5,2025-10-05 17:01:00+00:00,away,MIA,CAR,1.8293201735727047,-121.0,0.5168539325842697,0.5894486923951856,0.0725947598109159,0.0782903842845647,Week 5 | CAR_MIA,14.97,-14.97,24.0,27.0,FINAL,Final,LOSS,1034.16,1006.08,True,5
2025,5,Week 5,2025-10-05 17:01:00+00:00,home,PHI,DEN,1.493459676588732,-203.0,0.6472019464720195,0.6955276595111687,0.0483257130391492,0.0387425134320676,Week 5 | DEN_PHI,12.35,-12.35,17.0,21.0,FINAL,Final,LOSS,1021.81,1006.08,True,5
2025,5,Week 5,2025-10-05 17:01:00+00:00,home,NO,NYG,1.7938682322243966,-126.0,0.5362563237774031,0.6178235402213292,0.0815672164439261,0.1082940219234542,Week 5 | NO_NYG,24.31,19.3,26.0,14.0,FINAL,Final,WIN,1041.11,1006.08,True,5
2025,5,Week 5,2025-10-05 20:06:00+00:00,home,SEA,TB,1.5220700152207,-192.0,0.6256684491978609,0.6939400539605561,0.0682716047626952,0.0562253484939971,Week 5 | SEA_TB,16.94,-16.94,35.0,38.0,FINAL,Final,LOSS,1024.17,1006.08,True,5
2025,5,Week 5,2025-10-05 20:26:00+00:00,home,LAC,WAS,1.6532829475673123,-153.0,0.5817328211694409,0.6502807909740852,0.0685479698046442,0.0750981428480389,Week 5 | LAC_WAS,18.09,-18.09,10.0,27.0,FINAL,Final,LOSS,1006.08,1006.08,True,5
2025,6,Week 6,2025-10-10 00:15:00+00:00,away,PHI,NYG,1.2393998695368558,-418.0,0.7893710369315935,0.872995365543995,0.0836243286124015,0.0819903421615071,Week 6 | NYG_PHI,50.0,-50.0,17.0,34.0,FINAL,Final,LOSS,956.08,898.18,True,6
2025,6,Week 6,2025-10-12 13:31:00+00:00,away,DEN,NYJ,1.242925900460147,-412.0,0.7871316864722132,0.888423138992105,0.1012914525198918,0.1042441300213924,Week 6 | DEN_NYJ,50.0,12.15,13.0,11.0,FINAL,Final,WIN,968.23,898.18,True,6
2025,6,Week 6,2025-10-12 17:00:00+00:00,home,JAX,SEA,1.8293201735727047,-121.0,0.5230171935662785,0.610728791964731,0.0877115983984524,0.1172184997227698,Week 6 | JAX_SEA,25.82,-25.82,12.0,20.0,FINAL,Final,LOSS,942.41,898.18,True,6
2025,6,Week 6,2025-10-12 17:00:00+00:00,away,NE,NO,1.5376013419066257,-186.0,0.6321070234113711,0.7245062222011747,0.0923991987898035,0.1140017394762261,Week 6 | NE_NO,40.82,21.94,25.0,19.0,FINAL,Final,WIN,964.35,898.18,True,6
2025,6,Week 6,2025-10-12 17:01:00+00:00,away,LA,BAL,1.242925900460147,-412.0,0.7871316864722132,0.8891630461862406,0.1020313597140274,0.1051637798369203,Week 6 | BAL_LA,50.0,12.15,17.0,3.0,FINAL,Final,WIN,976.5,898.18,True,6
2025,6,Week 6,2025-10-12 17:01:00+00:00,away,DAL,CAR,1.5540462760446645,-180.0,0.6162046908315565,0.7304425533005374,0.1142378624689809,0.1351415298212565,Week 6 | CAR_DAL,50.0,-50.0,27.0,30.0,FINAL,Final,LOSS,926.5,898.18,True,6
2025,6,Week 6,2025-10-12 17:01:00+00:00,away,LAC,MIA,1.4335775724753106,-231.0,0.6643580181140117,0.7916944034009203,0.1273363852869086,0.1349553409697806,Week 6 | LAC_MIA,50.0,21.68,29.0,27.0,FINAL,Final,WIN,948.18,898.18,True,6
2025,6,Week 6,2025-10-13 23:15:00+00:00,away,BUF,ATL,1.467710371819961,-214.0,0.6629213483146067,0.7977997266883905,0.1348783783737838,0.1709389334956808,Week 6 | ATL_BUF,50.0,-50.0,14.0,24.0,FINAL,Final,LOSS,898.18,898.18,True,6
